17031839100
17031320100
17031081700
17031081500
17031281900
17031081800
17031081403
17031980000
17031081201
17031081401
17031320400
17031280100
17031081600
17031330100
17031081300
17031833000
17031320600
17031081402
17031071500
17031980100
17031080100
17031833100
17031080300
17031841900
17031081000
17031081100
17031071400
17031842200
17031081202
17031842300
17031241400
17031080202
17031841000
17031839000
17031832600
17031243500
17031071100
17031063000
17031070300
17031070101
17031062100
17031832000
17031071200
17031070200
17031838100
17031063200
17031080201
17031062900
17031032100
17031060900
17031242100
17031070102
17031031400
17031832300
17031242200
17031240300
17031062000
17031063302
17031832500
17031061000
17031770700
17031070400
17031080400
17031071000
17031062800
17031061902
17031841100
17031241500
17031063400
17031061100
17031063100
17031061901
17031060800
17031060400
17031838200
17031830700
17031240500
17031071800
17031071300
17031070103
17031062700
17031062200
17031243400
17031242300
17031242000
17031070600
17031070500
17031840300
17031061200
17031031300
17031830900
17031411000
17031241600
17031832100
17031330200
17031081900
17031063301
17031061500
17031060300
17031832200
17031831000
17031243300
17031221300
17031071600
17031070700
17031062500
17031060100
17031031700
17031030800
17031030500
17031838300
17031062400
17031050500
17031050200
17031040600
17031833300
17031831900
17031831100
17031242600
17031242400
17031240200
17031222200
17031221600
17031071700
17031062300
17031030200
17031837800
17031340600
17031241300
17031151002
17031051300
17031050600
17031040201
17031031900
17031031200
17031030706
17031030300
17031843700
17031836200
17031832900
17031830800
17031830600
17031804603
17031390700
17031350100
17031310600
17031283800
17031283100
17031242500
17031241100
17031221500
17031221400
17031220500
17031210900
17031210100
17031160400
17031160200
17031110100
17031060200
17031031502
17031031000
17031030900
17031030102
17031030101
17031020602
17031010600
17031010503
17031843200
17031843100
17031839900
17031839200
17031835200
17031832400
17031813100
17031812600
17031809400
17031808702
17031806600
17031760801
17031410900
17031350400
17031340500
17031310300
17031243000
17031241200
17031240600
17031222700
17031221200
17031220400
17031210700
17031210602
17031210502
17031210501
17031160700
17031160300
17031140200
17031063303
17031062600
17031061800
17031060500
17031050800
17031050100
17031040900
17031040402
17031040300
17031040100
17031031800
17031031501
17031031100
17031030703
17031030601
17031030400
17031010702
17031010201
